number, label
0001, 70
0002, 42
0003, 58
0004, 41
0005, 27
0006, 60
0007, 7
0008, 98
0009, 96
0010, 80
0011, 21
0012, 38
0013, 67
0014, 47
0015, 96
0016, 47
0017, 73
0018, 33
0019, 26
0020, 50
0021, 36
0022, 45
0023, 12
0024, 31
0025, 90
0026, 48
0027, 70
0028, 76
0029, 79
0030, 96
0031, 21
0032, 62
0033, 16
0034, 66
0035, 40
0036, 79
0037, 36
0038, 61
0039, 64
0040, 6
0041, 37
0042, 16
0043, 43
0044, 81
0045, 33
0046, 82
0047, 25
0048, 74
0049, 90
0050, 9
0051, 71
0052, 59
0053, 42
0054, 12
0055, 44
0056, 50
0057, 63
0058, 41
0059, 23
0060, 78
0061, 81
0062, 46
0063, 75
0064, 10
0065, 90
0066, 59
0067, 57
0068, 51
0069, 1
0070, 18
0071, 98
0072, 45
0073, 32
0074, 20
0075, 74
0076, 26
0077, 40
0078, 24
0079, 31
0080, 42
0081, 60
0082, 21
0083, 0
0084, 10
0085, 99
0086, 68
0087, 19
0088, 50
0089, 90
0090, 18
0091, 82
0092, 32
0093, 66
0094, 22
0095, 18
0096, 94
0097, 81
0098, 21
0099, 84
0100, 82
0101, 79
0102, 32
0103, 30
0104, 6
0105, 81
0106, 39
0107, 61
0108, 69
0109, 64
0110, 83
0111, 81
0112, 12
0113, 39
0114, 42
0115, 60
0116, 71
0117, 55
0118, 96
0119, 59
0120, 71
0121, 10
0122, 11
0123, 68
0124, 74
0125, 46
0126, 22
0127, 84
0128, 17
0129, 39
0130, 67
0131, 82
0132, 9
0133, 73
0134, 94
0135, 81
0136, 33
0137, 57
0138, 1
0139, 59
0140, 67
0141, 9
0142, 57
0143, 15
0144, 73
0145, 38
0146, 44
0147, 2
0148, 7
0149, 66
0150, 82
0151, 0
0152, 27
0153, 66
0154, 90
0155, 8
0156, 49
0157, 27
0158, 79
0159, 74
0160, 47
0161, 94
0162, 63
0163, 79
0164, 32
0165, 58
0166, 65
0167, 67
0168, 12
0169, 99
0170, 1
0171, 26
0172, 46
0173, 75
0174, 38
0175, 21
0176, 39
0177, 29
0178, 67
0179, 32
0180, 91
0181, 90
0182, 55
0183, 40
0184, 37
0185, 22
0186, 20
0187, 86
0188, 1
0189, 18
0190, 18
0191, 71
0192, 72
0193, 82
0194, 23
0195, 42
0196, 43
0197, 25
0198, 6
0199, 88
0200, 76
0201, 82
0202, 28
0203, 83
0204, 93
0205, 80
0206, 61
0207, 71
0208, 0
0209, 15
0210, 86
0211, 18
0212, 64
0213, 70
0214, 7
0215, 90
0216, 98
0217, 86
0218, 81
0219, 97
0220, 36
0221, 73
0222, 62
0223, 32
0224, 3
0225, 2
0226, 24
0227, 12
0228, 67
0229, 7
0230, 12
0231, 96
0232, 39
0233, 46
0234, 5
0235, 57
0236, 57
0237, 7
0238, 88
0239, 15
0240, 32
0241, 71
0242, 80
0243, 11
0244, 74
0245, 68
0246, 57
0247, 4
0248, 24
0249, 86
0250, 67
0251, 90
0252, 97
0253, 33
0254, 56
0255, 51
0256, 78
0257, 55
0258, 79
0259, 66
0260, 27
0261, 75
0262, 15
0263, 23
0264, 96
0265, 37
0266, 3
0267, 42
0268, 96
0269, 18
0270, 44
0271, 2
0272, 30
0273, 61
0274, 45
0275, 53
0276, 61
0277, 46
0278, 4
0279, 23
0280, 21
0281, 27
0282, 51
0283, 51
0284, 60
0285, 55
0286, 4
0287, 8
0288, 67
0289, 69
0290, 94
0291, 62
0292, 42
0293, 35
0294, 94
0295, 1
0296, 81
0297, 50
0298, 74
0299, 65
0300, 66
0301, 87
0302, 46
0303, 18
0304, 42
0305, 21
0306, 25
0307, 67
0308, 25
0309, 37
0310, 4
0311, 21
0312, 38
0313, 37
0314, 18
0315, 81
0316, 46
0317, 71
0318, 3
0319, 70
0320, 83
0321, 30
0322, 33
0323, 12
0324, 55
0325, 6
0326, 63
0327, 81
0328, 18
0329, 12
0330, 88
0331, 53
0332, 9
0333, 26
0334, 70
0335, 96
0336, 59
0337, 78
0338, 59
0339, 6
0340, 59
0341, 79
0342, 24
0343, 66
0344, 83
0345, 7
0346, 12
0347, 28
0348, 78
0349, 9
0350, 79
0351, 16
0352, 86
0353, 85
0354, 73
0355, 51
0356, 32
0357, 60
0358, 42
0359, 30
0360, 24
0361, 12
0362, 6
0363, 90
0364, 93
0365, 83
0366, 19
0367, 79
0368, 45
0369, 88
0370, 67
0371, 67
0372, 18
0373, 70
0374, 63
0375, 9
0376, 61
0377, 53
0378, 77
0379, 45
0380, 90
0381, 25
0382, 81
0383, 38
0384, 96
0385, 49
0386, 12
0387, 31
0388, 87
0389, 42
0390, 67
0391, 90
0392, 85
0393, 21
0394, 92
0395, 55
0396, 84
0397, 23
0398, 18
0399, 89
0400, 45
0401, 11
0402, 42
0403, 22
0404, 83
0405, 66
0406, 88
0407, 79
0408, 55
0409, 17
0410, 59
0411, 10
0412, 78
0413, 23
0414, 96
0415, 97
0416, 39
0417, 24
0418, 10
0419, 10
0420, 1
0421, 96
0422, 96
0423, 95
0424, 66
0425, 10
0426, 39
0427, 79
0428, 21
0429, 11
0430, 81
0431, 48
0432, 17
0433, 58
0434, 66
0435, 40
0436, 66
0437, 21
0438, 91
0439, 72
0440, 78
0441, 66
0442, 81
0443, 75
0444, 18
0445, 8
0446, 9
0447, 38
0448, 69
0449, 62
0450, 59
0451, 32
0452, 99
0453, 18
0454, 21
0455, 23
0456, 86
0457, 37
0458, 90
0459, 59
0460, 59
0461, 33
0462, 83
0463, 95
0464, 21
0465, 77
0466, 12
0467, 60
0468, 18
0469, 81
0470, 58
0471, 38
0472, 27
0473, 92
0474, 51
0475, 67
0476, 85
0477, 50
0478, 18
0479, 75
0480, 14
0481, 28
0482, 38
0483, 35
0484, 97
0485, 2
0486, 5
0487, 66
0488, 97
0489, 18
0490, 63
0491, 60
0492, 50
0493, 94
0494, 44
0495, 0
0496, 40
0497, 21
0498, 93
0499, 0
0500, 83
0501, 12
0502, 37
0503, 82
0504, 18
0505, 46
0506, 70
0507, 48
0508, 31
0509, 31
0510, 22
0511, 21
0512, 51
0513, 65
0514, 23
0515, 16
0516, 52
0517, 81
0518, 70
0519, 11
0520, 95
0521, 33
0522, 74
0523, 4
0524, 66
0525, 56
0526, 14
0527, 18
0528, 96
0529, 50
0530, 94
0531, 30
0532, 81
0533, 24
0534, 12
0535, 27
0536, 11
0537, 14
0538, 27
0539, 18
0540, 18
0541, 96
0542, 5
0543, 94
0544, 87
0545, 36
0546, 4
0547, 72
0548, 96
0549, 23
0550, 88
0551, 4
0552, 63
0553, 74
0554, 60
0555, 12
0556, 44
0557, 32
0558, 24
0559, 55
0560, 1
0561, 18
0562, 18
0563, 17
0564, 18
0565, 23
0566, 45
0567, 60
0568, 17
0569, 59
0570, 92
0571, 26
0572, 90
0573, 48
0574, 90
0575, 48
0576, 15
0577, 90
0578, 27
0579, 58
0580, 23
0581, 72
0582, 24
0583, 66
0584, 6
0585, 55
0586, 18
0587, 35
0588, 63
0589, 51
0590, 71
0591, 58
0592, 5
0593, 78
0594, 23
0595, 45
0596, 67
0597, 24
0598, 78
0599, 3
0600, 96
0601, 22
0602, 30
0603, 16
0604, 78
0605, 8
0606, 18
0607, 76
0608, 6
0609, 9
0610, 22
0611, 45
0612, 17
0613, 20
0614, 27
0615, 66
0616, 63
0617, 71
0618, 4
0619, 18
0620, 15
0621, 18
0622, 47
0623, 32
0624, 96
0625, 62
0626, 90
0627, 3
0628, 5
0629, 7
0630, 69
0631, 62
0632, 68
0633, 29
0634, 14
0635, 70
0636, 68
0637, 0
0638, 49
0639, 45
0640, 18
0641, 21
0642, 18
0643, 12
0644, 64
0645, 32
0646, 6
0647, 6
0648, 2
0649, 7
0650, 18
0651, 91
0652, 83
0653, 65
0654, 7
0655, 27
0656, 40
0657, 69
0658, 67
0659, 40
0660, 31
0661, 17
0662, 41
0663, 61
0664, 84
0665, 45
0666, 71
0667, 59
0668, 97
0669, 22
0670, 18
0671, 41
0672, 67
0673, 37
0674, 82
0675, 81
0676, 66
0677, 33
0678, 51
0679, 16
0680, 7
0681, 7
0682, 6
0683, 42
0684, 7
0685, 32
0686, 79
0687, 79
0688, 12
0689, 85
0690, 85
0691, 55
0692, 81
0693, 56
0694, 23
0695, 96
0696, 35
0697, 23
0698, 62
0699, 25
0700, 32
0701, 25
0702, 17
0703, 62
0704, 18
0705, 26
0706, 28
0707, 15
0708, 23
0709, 68
0710, 28
0711, 21
0712, 74
0713, 58
0714, 83
0715, 12
0716, 66
0717, 94
0718, 22
0719, 51
0720, 21
0721, 81
0722, 7
0723, 48
0724, 12
0725, 78
0726, 27
0727, 83
0728, 23
0729, 63
0730, 66
0731, 89
0732, 55
0733, 27
0734, 38
0735, 28
0736, 21
0737, 9
0738, 35
0739, 22
0740, 96
0741, 70
0742, 66
0743, 33
0744, 26
0745, 16
0746, 90
0747, 97
0748, 18
0749, 99
0750, 57
0751, 20
0752, 18
0753, 12
0754, 41
0755, 66
0756, 55
0757, 50
0758, 18
0759, 78
0760, 32
0761, 55
0762, 90
0763, 5
0764, 0
0765, 38
0766, 86
0767, 6
0768, 47
0769, 59
0770, 52
0771, 33
0772, 41
0773, 21
0774, 8
0775, 60
0776, 70
0777, 96
0778, 96
0779, 0
0780, 28
0781, 59
0782, 68
0783, 64
0784, 84
0785, 44
0786, 0
0787, 6
0788, 24
0789, 29
0790, 76
0791, 55
0792, 70
0793, 48
0794, 66
0795, 61
0796, 3
0797, 12
0798, 89
0799, 1
0800, 21
0801, 67
0802, 78
0803, 23
0804, 30
0805, 93
0806, 30
0807, 42
0808, 59
0809, 23
0810, 21
0811, 35
0812, 90
0813, 74
0814, 29
0815, 52
0816, 95
0817, 12
0818, 9
0819, 74
0820, 98
0821, 18
0822, 46
0823, 22
0824, 37
0825, 18
0826, 81
0827, 12
0828, 90
0829, 40
0830, 60
0831, 46
0832, 5
0833, 39
0834, 61
0835, 51
0836, 99
0837, 52
0838, 26
0839, 18
0840, 9
0841, 86
0842, 70
0843, 45
0844, 42
0845, 6
0846, 74
0847, 96
0848, 66
0849, 5
0850, 67
0851, 80
0852, 90
0853, 11
0854, 59
0855, 62
0856, 18
0857, 49
0858, 87
0859, 66
0860, 11
0861, 18
0862, 81
0863, 11
0864, 55
0865, 48
0866, 82
0867, 82
0868, 64
0869, 25
0870, 12
0871, 93
0872, 20
0873, 66
0874, 18
0875, 30
0876, 71
0877, 7
0878, 71
0879, 14
0880, 27
0881, 9
0882, 66
0883, 77
0884, 70
0885, 94
0886, 48
0887, 51
0888, 96
0889, 47
0890, 36
0891, 23
0892, 15
0893, 8
0894, 66
0895, 6
0896, 74
0897, 67
0898, 81
0899, 12
0900, 96
0901, 82
0902, 84
0903, 18
0904, 55
0905, 47
0906, 81
0907, 21
0908, 12
0909, 25
0910, 76
0911, 66
0912, 91
0913, 12
0914, 88
0915, 65
0916, 67
0917, 58
0918, 24
0919, 35
0920, 73
0921, 4
0922, 46
0923, 81
0924, 26
0925, 44
0926, 30
0927, 12
0928, 74
0929, 9
0930, 0
0931, 68
0932, 81
0933, 84
0934, 72
0935, 81
0936, 55
0937, 18
0938, 90
0939, 66
0940, 86
0941, 7
0942, 22
0943, 71
0944, 35
0945, 80
0946, 13
0947, 9
0948, 44
0949, 83
0950, 78
0951, 26
0952, 68
0953, 14
0954, 20
0955, 45
0956, 87
0957, 48
0958, 0
0959, 30
0960, 96
0961, 76
0962, 18
0963, 85
0964, 3
0965, 66
0966, 69
0967, 75
0968, 60
0969, 23
0970, 7
0971, 40
0972, 81
0973, 56
0974, 16
0975, 73
0976, 71
0977, 12
0978, 92
0979, 72
0980, 66
0981, 67
0982, 94
0983, 11
0984, 59
0985, 24
0986, 8
0987, 68
0988, 68
0989, 26
0990, 10
0991, 94
0992, 21
0993, 18
0994, 62
0995, 6
0996, 8
0997, 11
0998, 26
0999, 1
1000, 12
1001, 6
1002, 73
1003, 83
1004, 89
1005, 66
1006, 94
1007, 74
1008, 20
1009, 62
1010, 25
1011, 71
1012, 85
1013, 27
1014, 60
1015, 61
1016, 11
1017, 90
1018, 71
1019, 33
1020, 26
1021, 27
1022, 91
1023, 18
1024, 8
1025, 64
1026, 39
1027, 60
1028, 5
1029, 33
1030, 96
1031, 60
1032, 41
1033, 6
1034, 96
1035, 66
1036, 88
1037, 99
1038, 12
1039, 63
1040, 25
1041, 11
1042, 6
1043, 35
1044, 21
1045, 73
1046, 44
1047, 45
1048, 86
1049, 66
1050, 33
1051, 59
1052, 1
1053, 58
1054, 11
1055, 25
1056, 7
1057, 76
1058, 83
1059, 82
1060, 8
1061, 41
1062, 90
1063, 82
1064, 46
1065, 12
1066, 81
1067, 39
1068, 68
1069, 55
1070, 6
1071, 36
1072, 43
1073, 96
1074, 71
1075, 66
1076, 90
1077, 16
1078, 90
1079, 71
1080, 56
1081, 55
1082, 90
1083, 18
1084, 94
1085, 67
1086, 12
1087, 66
1088, 7
1089, 21
1090, 85
1091, 3
1092, 50
1093, 46
1094, 41
1095, 79
1096, 72
1097, 62
1098, 49
1099, 18
1100, 54
1101, 74
1102, 74
1103, 97
1104, 8
1105, 93
1106, 99
1107, 40
1108, 97
1109, 27
1110, 79
1111, 94
1112, 66
1113, 61
1114, 60
1115, 16
1116, 27
1117, 77
1118, 86
1119, 94
1120, 66
1121, 61
1122, 69
1123, 23
1124, 26
1125, 96
1126, 90
1127, 83
1128, 80
1129, 37
1130, 96
1131, 51
1132, 46
1133, 21
1134, 21
1135, 59
1136, 76
1137, 81
1138, 82
1139, 67
1140, 94
1141, 13
1142, 37
1143, 41
1144, 9
1145, 85
1146, 15
1147, 67
1148, 10
1149, 16
1150, 41
1151, 56
1152, 59
1153, 90
1154, 10
1155, 90
1156, 86
1157, 66
1158, 17
1159, 38
1160, 8
1161, 25
1162, 35
1163, 97
1164, 44
1165, 81
1166, 41
1167, 52
1168, 66
1169, 87
1170, 4
1171, 21
1172, 66
1173, 55
1174, 96
1175, 21
1176, 45
1177, 7
1178, 8
1179, 24
1180, 53
1181, 42
1182, 24
1183, 61
1184, 70
1185, 6
1186, 94
1187, 10
1188, 5
1189, 5
1190, 62
1191, 59
1192, 86
1193, 99
1194, 29
1195, 25
1196, 21
1197, 96
1198, 3
1199, 14
1200, 68
1201, 36
1202, 18
1203, 55
1204, 24
1205, 67
1206, 72
1207, 40
1208, 61
1209, 37
1210, 43
1211, 53
1212, 20
1213, 79
1214, 80
1215, 81
1216, 23
1217, 18
1218, 42
1219, 2
1220, 42
1221, 71
1222, 21
1223, 18
1224, 18
1225, 12
1226, 12
1227, 69
1228, 72
1229, 71
1230, 40
1231, 83
1232, 18
1233, 28
1234, 21
1235, 85
1236, 94
1237, 3
1238, 97
1239, 23
1240, 9
1241, 81
1242, 35
1243, 8
1244, 20
1245, 24
1246, 52
1247, 88
1248, 18
1249, 43
1250, 17
1251, 33
1252, 96
1253, 71
1254, 12
1255, 98
1256, 99
1257, 26
1258, 32
1259, 12
1260, 85
1261, 2
1262, 84
1263, 58
1264, 75
1265, 29
1266, 90
1267, 45
1268, 43
1269, 59
1270, 94
1271, 69
1272, 24
1273, 49
1274, 40
1275, 88
1276, 75
1277, 76
1278, 23
1279, 72
1280, 26
1281, 82
1282, 44
1283, 74
1284, 63
1285, 95
1286, 90
1287, 37
1288, 66
1289, 40
1290, 26
1291, 32
1292, 67
1293, 67
1294, 18
1295, 12
1296, 97
1297, 71
1298, 41
1299, 60
1300, 71
1301, 73
1302, 67
1303, 74
1304, 65
1305, 9
1306, 91
1307, 9
1308, 9
1309, 17
1310, 22
1311, 57
1312, 2
1313, 12
1314, 35
1315, 1
1316, 78
1317, 0
1318, 85
1319, 68
1320, 49
1321, 61
1322, 71
1323, 15
1324, 74
1325, 84
1326, 84
1327, 73
1328, 57
1329, 79
1330, 84
1331, 14
1332, 51
1333, 66
1334, 21
1335, 81
1336, 32
1337, 11
1338, 55
1339, 66
1340, 68
1341, 60
1342, 38
1343, 69
1344, 34
1345, 6
1346, 31
1347, 51
1348, 94
1349, 59
1350, 85
1351, 86
1352, 38
1353, 68
1354, 30
1355, 74
1356, 76
1357, 1
1358, 37
1359, 70
1360, 52
1361, 65
1362, 18
1363, 3
1364, 25
1365, 29
1366, 3
1367, 7
1368, 32
1369, 18
1370, 83
1371, 0
1372, 66
1373, 17
1374, 24
1375, 32
1376, 96
1377, 18
1378, 3
1379, 46
1380, 42
1381, 99
1382, 50
1383, 86
1384, 26
1385, 90
1386, 60
1387, 69
1388, 9
1389, 4
1390, 60
1391, 38
1392, 1
1393, 59
1394, 7
1395, 18
1396, 75
1397, 86
1398, 64
1399, 27
1400, 40
1401, 98
1402, 19
1403, 6
1404, 9
1405, 32
1406, 40
1407, 66
1408, 10
1409, 67
1410, 23
1411, 97
1412, 11
1413, 9
1414, 21
1415, 64
1416, 79
1417, 69
1418, 69
1419, 86
1420, 16
1421, 81
1422, 21
1423, 37
1424, 60
1425, 84
1426, 33
1427, 0
1428, 38
1429, 18
1430, 33
1431, 11
1432, 23
1433, 30
1434, 42
1435, 80
1436, 88
1437, 24
1438, 62
1439, 87
1440, 27
1441, 71
1442, 55
1443, 9
1444, 70
1445, 65
1446, 73
1447, 28
1448, 79
1449, 99
1450, 25
1451, 59
1452, 16
1453, 48
1454, 61
1455, 19
1456, 96
1457, 26
1458, 0
1459, 94
1460, 60
1461, 18
1462, 38
1463, 4
1464, 74
1465, 18
1466, 74
1467, 31
1468, 35
1469, 46
1470, 18
1471, 88
1472, 39
1473, 66
1474, 70
1475, 15
1476, 19
1477, 5
1478, 41
1479, 74
1480, 96
1481, 23
1482, 39
1483, 46
1484, 25
1485, 86
1486, 61
1487, 84
1488, 12
1489, 37
1490, 26
1491, 63
1492, 79
1493, 49
1494, 65
1495, 2
1496, 65
1497, 32
1498, 15
1499, 24
1500, 5
1501, 10
1502, 68
1503, 6
1504, 32
1505, 7
1506, 59
1507, 88
1508, 83
1509, 72
1510, 16
1511, 11
1512, 36
1513, 10
1514, 95
1515, 86
1516, 53
1517, 55
1518, 55
1519, 45
1520, 12
1521, 50
1522, 92
1523, 18
1524, 60
1525, 42
1526, 67
1527, 55
1528, 18
1529, 33
1530, 18
1531, 69
1532, 64
1533, 78
1534, 81
1535, 53
1536, 31
1537, 95
1538, 63
1539, 29
1540, 85
1541, 44
1542, 18
1543, 3
1544, 93
1545, 59
1546, 23
1547, 87
1548, 73
1549, 90
1550, 88
1551, 90
1552, 84
1553, 18
1554, 21
1555, 18
1556, 12
1557, 87
1558, 96
1559, 99
1560, 90
1561, 18
1562, 60
1563, 66
1564, 66
1565, 77
1566, 67
1567, 66
1568, 18
1569, 87
1570, 88
1571, 55
1572, 9
1573, 28
1574, 8
1575, 41
1576, 39
1577, 18
1578, 70
1579, 44
1580, 74
1581, 24
1582, 74
1583, 16
1584, 91
1585, 87
1586, 0
1587, 11
1588, 9
1589, 21
1590, 33
1591, 38
1592, 85
1593, 21
1594, 18
1595, 63
1596, 1
1597, 41
1598, 81
1599, 4
1600, 22
1601, 96
1602, 54
1603, 40
1604, 76
1605, 34
1606, 32
1607, 79
1608, 61
1609, 71
1610, 17
1611, 29
1612, 96
1613, 96
1614, 42
1615, 83
1616, 66
1617, 17
1618, 18
1619, 17
1620, 71
1621, 59
1622, 46
1623, 7
1624, 0
1625, 50
1626, 78
1627, 79
1628, 83
1629, 39
1630, 78
1631, 50
1632, 70
1633, 79
1634, 18
1635, 64
1636, 43
1637, 64
1638, 84
1639, 8
1640, 28
1641, 94
1642, 95
1643, 12
1644, 23
1645, 63
1646, 5
1647, 33
1648, 65
1649, 12
1650, 59
1651, 45
1652, 12
1653, 18
1654, 93
1655, 12
1656, 15
1657, 59
1658, 8
1659, 91
1660, 41
1661, 12
1662, 94
1663, 73
1664, 18
1665, 21
1666, 81
1667, 5
1668, 5
1669, 85
1670, 97
1671, 37
1672, 20
1673, 71
1674, 62
1675, 43
1676, 37
1677, 22
1678, 67
1679, 70
1680, 38
1681, 99
1682, 18
1683, 18
1684, 1
1685, 29
1686, 80
1687, 67
1688, 65
1689, 57
1690, 6
1691, 67
1692, 57
1693, 81
1694, 43
1695, 91
1696, 73
1697, 33
1698, 5
1699, 71
1700, 75
1701, 91
1702, 39
1703, 30
1704, 37
1705, 18
1706, 12
1707, 18
1708, 90
1709, 26
1710, 9
1711, 63
1712, 32
1713, 63
1714, 9
1715, 18
1716, 50
1717, 9
1718, 22
1719, 1
1720, 60
1721, 31
1722, 66
1723, 88
1724, 79
1725, 72
1726, 76
1727, 87
1728, 57
1729, 18
1730, 66
1731, 96
1732, 97
1733, 8
1734, 85
1735, 96
1736, 41
1737, 76
1738, 81
1739, 76
1740, 4
1741, 62
1742, 4
1743, 47
1744, 41
1745, 49
1746, 71
1747, 28
1748, 14
1749, 78
1750, 22
1751, 97
1752, 61
1753, 56
1754, 63
1755, 36
1756, 28
1757, 45
1758, 32
1759, 68
1760, 39
1761, 18
1762, 85
1763, 59
1764, 59
1765, 51
1766, 59
1767, 69
1768, 9
1769, 43
1770, 21
1771, 7
1772, 47
1773, 28
1774, 61
1775, 9
1776, 16
1777, 67
1778, 83
1779, 55
1780, 90
1781, 70
1782, 76
1783, 16
1784, 77
1785, 35
1786, 21
1787, 14
1788, 21
1789, 21
1790, 12
1791, 19
1792, 69
1793, 93
1794, 43
1795, 79
1796, 78
1797, 94
1798, 42
1799, 55
1800, 79
1801, 59
1802, 30
1803, 39
1804, 42
1805, 62
1806, 18
1807, 90
1808, 11
1809, 99
1810, 18
1811, 37
1812, 85
1813, 79
1814, 59
1815, 27
1816, 95
1817, 21
1818, 9
1819, 11
1820, 73
1821, 64
1822, 69
1823, 21
1824, 17
1825, 35
1826, 45
1827, 41
1828, 72
1829, 23
1830, 0
1831, 18
1832, 64
1833, 68
1834, 6
1835, 73
1836, 26
1837, 74
1838, 28
1839, 68
1840, 79
1841, 11
1842, 62
1843, 94
1844, 67
1845, 47
1846, 16
1847, 73
1848, 83
1849, 4
1850, 21
1851, 73
1852, 79
1853, 55
1854, 76
1855, 30
1856, 44
1857, 81
1858, 53
1859, 52
1860, 55
1861, 49
1862, 99
1863, 72
1864, 32
1865, 30
1866, 74
1867, 76
1868, 39
1869, 0
1870, 70
1871, 43
1872, 64
1873, 20
1874, 95
1875, 82
1876, 51
1877, 67
1878, 61
1879, 35
1880, 34
1881, 56
1882, 71
1883, 90
1884, 6
1885, 96
1886, 79
1887, 97
1888, 5
1889, 73
1890, 63
1891, 18
1892, 83
1893, 86
1894, 60
1895, 46
1896, 60
1897, 93
1898, 19
1899, 39
1900, 64
1901, 15
1902, 82
1903, 26
1904, 20
1905, 27
1906, 55
1907, 5
1908, 14
1909, 81
1910, 27
1911, 98
1912, 96
1913, 37
1914, 68
1915, 28
1916, 33
1917, 54
1918, 79
1919, 46
1920, 90
1921, 52
1922, 79
1923, 33
1924, 72
1925, 71
1926, 22
1927, 12
1928, 49
1929, 66
1930, 77
1931, 12
1932, 81
1933, 14
1934, 23
1935, 86
1936, 58
1937, 16
1938, 62
1939, 57
1940, 81
1941, 5
1942, 66
1943, 23
1944, 99
1945, 26
1946, 2
1947, 10
1948, 46
1949, 27
1950, 55
1951, 62
1952, 57
1953, 0
1954, 30
1955, 42
1956, 37
1957, 73
1958, 27
1959, 60
1960, 90
1961, 37
1962, 15
1963, 12
1964, 18
1965, 90
1966, 0
1967, 8
1968, 12
1969, 22
1970, 60
1971, 8
1972, 35
1973, 74
1974, 16
1975, 9
1976, 90
1977, 9
1978, 12
1979, 0
1980, 94
1981, 73
1982, 73
1983, 45
1984, 81
1985, 63
1986, 73
1987, 38
1988, 57
1989, 45
1990, 81
1991, 79
1992, 91
1993, 44
1994, 21
1995, 60
1996, 61
1997, 81
1998, 4
1999, 97
2000, 71
2001, 78
2002, 62
2003, 46
2004, 27
2005, 85
2006, 27
2007, 9
2008, 66
2009, 37
2010, 90
2011, 40
2012, 79
2013, 99
2014, 71
2015, 99
2016, 62
2017, 21
2018, 74
2019, 90
2020, 83
2021, 22
2022, 21
2023, 18
2024, 21
2025, 50
2026, 45
2027, 97
2028, 95
2029, 27
2030, 24
2031, 14
2032, 18
2033, 78
2034, 15
2035, 35
2036, 31
2037, 42
2038, 59
2039, 10
2040, 16
2041, 97
2042, 61
2043, 46
2044, 84
2045, 67
2046, 2
2047, 27
2048, 17
2049, 42
2050, 59
2051, 16
2052, 64
2053, 0
2054, 53
2055, 27
2056, 6
2057, 59
2058, 91
2059, 45
2060, 16
2061, 67
2062, 24
2063, 57
2064, 50
2065, 74
2066, 78
2067, 81
2068, 2
2069, 23
2070, 74
2071, 79
2072, 77
2073, 49
2074, 55
2075, 44
2076, 24
2077, 8
2078, 0
2079, 63
2080, 97
2081, 57
2082, 72
2083, 83
2084, 57
2085, 37
2086, 88
2087, 37
2088, 31
2089, 30
2090, 64
2091, 62
2092, 91
2093, 96
2094, 5
2095, 21
2096, 37
2097, 67
2098, 88
2099, 54
2100, 6
2101, 94
2102, 33
2103, 73
2104, 99
2105, 33
2106, 58
2107, 37
2108, 94
2109, 21
2110, 27
2111, 41
2112, 75
2113, 4
2114, 81
2115, 6
2116, 23
2117, 67
2118, 24
2119, 59
2120, 21
2121, 10
2122, 18
2123, 67
2124, 73
2125, 66
2126, 79
2127, 9
2128, 90
2129, 46
2130, 98
2131, 81
2132, 66
2133, 37
2134, 24
2135, 87
2136, 62
2137, 35
2138, 52
2139, 5
2140, 12
2141, 64
2142, 45
2143, 59
2144, 74
2145, 68
2146, 45
2147, 4
2148, 12
2149, 60
2150, 22
2151, 7
2152, 23
2153, 66
2154, 30
2155, 26
2156, 32
2157, 96
2158, 1
2159, 66
2160, 0
2161, 94
2162, 39
2163, 90
2164, 87
2165, 73
2166, 62
2167, 39
2168, 39
2169, 43
2170, 84
2171, 12
2172, 38
2173, 11
2174, 12
2175, 20
2176, 21
2177, 41
2178, 12
2179, 15
2180, 3
2181, 11
2182, 66
2183, 59
2184, 55
2185, 56
2186, 45
2187, 54
2188, 24
2189, 51
2190, 68
2191, 83
2192, 39
2193, 90
2194, 76
2195, 32
2196, 18
2197, 72
2198, 84
2199, 11
2200, 7
2201, 81
2202, 29
2203, 6
2204, 72
2205, 98
2206, 40
2207, 46
2208, 51
2209, 18
2210, 96
2211, 35
2212, 70
2213, 46
2214, 60
2215, 5
2216, 15
2217, 37
2218, 26
2219, 77
2220, 12
2221, 99
2222, 51
2223, 72
2224, 17
2225, 20
2226, 71
2227, 22
2228, 4
2229, 5
2230, 24
2231, 68
2232, 36
2233, 66
2234, 27
2235, 97
2236, 76
2237, 90
2238, 12
2239, 55
2240, 37
2241, 61
2242, 45
2243, 57
2244, 63
2245, 5
2246, 67
2247, 66
2248, 64
2249, 32
2250, 19
2251, 18
2252, 39
2253, 52
2254, 52
2255, 90
2256, 66
2257, 67
2258, 71
2259, 78
2260, 47
2261, 46
2262, 76
2263, 55
2264, 80
2265, 84
2266, 27
2267, 46
2268, 73
2269, 18
2270, 22
2271, 0
2272, 94
2273, 36
2274, 96
2275, 83
2276, 66
2277, 0
2278, 28
2279, 59
2280, 17
2281, 39
2282, 88
2283, 23
2284, 58
2285, 40
2286, 37
2287, 9
2288, 1
2289, 47
2290, 9
2291, 7
2292, 12
2293, 23
2294, 32
2295, 81
2296, 63
2297, 38
2298, 59
2299, 59
2300, 6
2301, 71
2302, 96
2303, 11
2304, 90
2305, 62
2306, 30
2307, 50
2308, 85
2309, 48
2310, 94
2311, 83
2312, 49
2313, 9
2314, 44
2315, 9
2316, 35
2317, 4
2318, 12
2319, 99
2320, 87
2321, 77
2322, 99
2323, 30
2324, 84
2325, 37
2326, 32
2327, 79
2328, 9
2329, 84
2330, 59
2331, 34
2332, 62
2333, 41
2334, 4
2335, 55
2336, 23
2337, 41
2338, 21
2339, 85
2340, 27
2341, 34
2342, 78
2343, 26
2344, 27
2345, 55
2346, 45
2347, 42
2348, 48
2349, 11
2350, 18
2351, 23
2352, 34
2353, 73
2354, 68
2355, 35
2356, 93
2357, 79
2358, 9
2359, 63
2360, 7
2361, 46
2362, 56
2363, 51
2364, 61
2365, 0
2366, 66
2367, 94
2368, 82
2369, 21
2370, 85
2371, 37
2372, 18
2373, 49
2374, 76
2375, 75
2376, 21
2377, 77
2378, 52
2379, 96
2380, 1
2381, 57
2382, 49
2383, 9
2384, 66
2385, 45
2386, 32
2387, 21
2388, 22
2389, 49
2390, 87
2391, 42
2392, 9
2393, 67
2394, 12
2395, 82
2396, 49
2397, 1
2398, 71
2399, 81
2400, 65
2401, 42
2402, 55
2403, 66
2404, 50
2405, 82
2406, 69
2407, 93
2408, 23
2409, 26
2410, 69
2411, 5
2412, 62
2413, 40
2414, 33
2415, 66
2416, 59
2417, 45
2418, 18
2419, 5
2420, 74
2421, 79
2422, 24
2423, 65
2424, 50
2425, 45
2426, 86
2427, 70
2428, 93
2429, 8
2430, 77
2431, 9
2432, 77
2433, 79
2434, 55
2435, 3
2436, 18
2437, 55
2438, 69
2439, 62
2440, 81
2441, 12
2442, 82
2443, 56
2444, 66
2445, 46
2446, 68
2447, 59
2448, 21
2449, 9
2450, 9
2451, 59
2452, 55
2453, 80
2454, 97
2455, 79
2456, 41
2457, 71
2458, 40
2459, 59
2460, 46
2461, 88
2462, 44
2463, 35
2464, 92
2465, 18
2466, 18
2467, 83
2468, 71
2469, 99
2470, 37
2471, 99
2472, 17
2473, 37
2474, 81
2475, 60
2476, 67
2477, 79
2478, 26
2479, 68
2480, 18
2481, 49
2482, 50
2483, 46
2484, 76
2485, 32
2486, 75
2487, 66
2488, 36
2489, 3
2490, 89
2491, 93
2492, 96
2493, 96
2494, 96
2495, 66
2496, 75
2497, 18
2498, 23
2499, 93
2500, 68
2501, 12
2502, 64
2503, 35
2504, 27
2505, 87
2506, 1
2507, 42
2508, 26
2509, 9
2510, 71
2511, 46
2512, 79
2513, 66
2514, 68
2515, 18
2516, 84
2517, 21
2518, 67
2519, 1
2520, 52
2521, 37
2522, 69
2523, 36
2524, 61
2525, 59
2526, 62
2527, 81
2528, 13
2529, 73
2530, 36
2531, 12
2532, 45
2533, 77
2534, 29
2535, 39
2536, 26
2537, 55
2538, 17
2539, 35
2540, 95
2541, 60
2542, 16
2543, 24
2544, 2
2545, 59
2546, 6
2547, 66
2548, 87
2549, 66
2550, 61
2551, 67
2552, 60
2553, 18
2554, 23
2555, 40
2556, 41
2557, 56
2558, 78
2559, 46
2560, 80
2561, 0
2562, 40
2563, 51
2564, 43
2565, 18
2566, 6
2567, 58
2568, 73
2569, 55
2570, 10
2571, 73
2572, 33
2573, 82
2574, 7
2575, 66
2576, 28
2577, 67
2578, 72
2579, 6
2580, 2
2581, 66
2582, 9
2583, 43
2584, 38
2585, 40
2586, 41
2587, 56
2588, 75
2589, 24
2590, 70
2591, 7
2592, 10
2593, 88
2594, 69
2595, 81
2596, 5
2597, 16
2598, 76
2599, 3
2600, 26
2601, 77
2602, 42
2603, 29
2604, 59
2605, 8
2606, 36
2607, 4
2608, 73
2609, 0
2610, 21
2611, 84
2612, 15
2613, 55
2614, 40
2615, 23
2616, 24
2617, 96
2618, 18
2619, 72
2620, 81
2621, 46
2622, 85
2623, 83
2624, 53
2625, 66
2626, 85
2627, 18
2628, 57
2629, 63
2630, 63
2631, 9
2632, 45
2633, 86
2634, 75
2635, 37
2636, 68
2637, 16
2638, 41
2639, 49
2640, 94
2641, 35
2642, 82
2643, 61
2644, 85
2645, 76
2646, 94
2647, 6
2648, 12
2649, 88
2650, 42
2651, 21
2652, 18
2653, 62
2654, 6
2655, 40
2656, 96
2657, 72
2658, 78
2659, 8
2660, 33
2661, 23
2662, 20
2663, 0
2664, 81
2665, 75
2666, 43
2667, 30
2668, 55
2669, 21
2670, 0
2671, 73
2672, 35
2673, 15
2674, 25
2675, 27
2676, 71
2677, 0
2678, 83
2679, 17
2680, 12
2681, 32
2682, 55
2683, 35
2684, 75
2685, 27
2686, 38
2687, 83
2688, 38
2689, 50
2690, 73
2691, 46
2692, 49
2693, 18
2694, 9
2695, 94
2696, 46
2697, 79
2698, 9
2699, 99
2700, 62
2701, 12
2702, 23
2703, 67
2704, 99
2705, 71
2706, 59
2707, 85
2708, 30
2709, 59
2710, 37
2711, 12
2712, 43
2713, 83
2714, 27
2715, 66
2716, 66
2717, 11
2718, 66
2719, 15
2720, 97
2721, 75
2722, 15
2723, 85
2724, 2
2725, 37
2726, 79
2727, 85
2728, 50
2729, 74
2730, 60
2731, 10
2732, 45
2733, 4
2734, 54
2735, 21
2736, 7
2737, 83
2738, 45
2739, 23
2740, 23
2741, 15
2742, 21
2743, 1
2744, 64
2745, 74
2746, 57
2747, 66
2748, 27
2749, 90
2750, 91
2751, 53
2752, 14
2753, 12
2754, 80
2755, 40
2756, 63
2757, 24
2758, 46
2759, 20
2760, 94
2761, 96
2762, 45
2763, 21
2764, 96
2765, 71
2766, 62
2767, 77
2768, 80
2769, 86
2770, 81
2771, 27
2772, 33
2773, 73
2774, 25
2775, 48
2776, 10
2777, 90
2778, 31
2779, 91
2780, 21
2781, 74
2782, 51
2783, 73
2784, 68
2785, 47
2786, 21
2787, 66
2788, 12
2789, 35
2790, 10
2791, 15
2792, 66
2793, 73
2794, 39
2795, 73
2796, 25
2797, 88
2798, 18
2799, 40
2800, 63
2801, 66
2802, 94
2803, 99
2804, 35
2805, 55
2806, 8
2807, 60
2808, 25
2809, 79
2810, 16
2811, 71
2812, 36
2813, 34
2814, 75
2815, 96
2816, 40
2817, 87
2818, 75
2819, 21
2820, 18
2821, 45
2822, 36
2823, 56
2824, 21
2825, 18
2826, 98
2827, 59
2828, 44
2829, 25
2830, 73
2831, 23
2832, 40
2833, 18
2834, 93
2835, 93
2836, 13
2837, 85
2838, 33
2839, 56
2840, 21
2841, 10
2842, 10
2843, 49
2844, 66
2845, 60
2846, 76
2847, 21
2848, 59
2849, 67
2850, 62
2851, 17
2852, 75
2853, 24
2854, 21
2855, 34
2856, 16
2857, 0
2858, 15
2859, 72
2860, 12
2861, 78
2862, 97
2863, 59
2864, 7
2865, 58
2866, 11
2867, 36
2868, 39
2869, 71
2870, 74
2871, 15
2872, 55
2873, 42
2874, 84
2875, 74
2876, 83
2877, 24
2878, 38
2879, 39
2880, 87
2881, 42
2882, 44
2883, 79
2884, 46
2885, 49
2886, 24
2887, 50
2888, 74
2889, 18
2890, 76
2891, 40
2892, 82
2893, 18
2894, 78
2895, 81
2896, 15
2897, 47
2898, 74
2899, 23
2900, 27
2901, 51
2902, 14
2903, 58
2904, 24
2905, 62
2906, 46
2907, 3
2908, 63
2909, 46
2910, 96
2911, 94
2912, 11
2913, 27
2914, 96
2915, 16
2916, 32
2917, 59
2918, 21
2919, 53
2920, 16
2921, 57
2922, 67
2923, 29
2924, 65
2925, 48
2926, 42
2927, 81
2928, 16
2929, 18
2930, 96
2931, 18
2932, 60
2933, 12
2934, 81
2935, 75
2936, 2
2937, 99
2938, 55
2939, 25
2940, 50
2941, 76
2942, 83
2943, 47
2944, 40
2945, 59
2946, 35
2947, 7
2948, 18
2949, 13
2950, 30
2951, 73
2952, 57
2953, 11
2954, 83
2955, 23
2956, 40
2957, 85
2958, 67
2959, 59
2960, 14
2961, 57
2962, 94
2963, 37
2964, 70
2965, 41
2966, 41
2967, 73
2968, 67
2969, 49
2970, 18
2971, 56
2972, 48
2973, 27
2974, 1
2975, 90
2976, 97
2977, 94
2978, 28
2979, 6
2980, 60
2981, 79
2982, 73
2983, 33
2984, 2
2985, 32
2986, 0
2987, 78
2988, 81
2989, 40
2990, 61
2991, 94
2992, 59
2993, 81
2994, 1
2995, 18
2996, 96
2997, 13
2998, 75
2999, 87
3000, 92
